0 7 8 10 15 20 25 18 23 27
7 0 5 12 14 22 24 19 25 26
8 5 0 11 13 21 26 20 24 28
10 12 11 0 20 18 23 25 21 30
15 14 13 20 0 16 28 27 30 35
20 22 21 18 16 0 19 20 22 24
25 24 26 23 28 19 0 28 32 35
18 19 20 25 27 20 28 0 29 33
23 25 24 21 30 22 32 29 0 26
27 26 28 30 35 24 35 33 26 0
